[PARAMETERS]
WIDTH=5534.9033203125
HEIGHT=8177.9033203125
X_OFFSET=11141.494140625
Z_OFFSET=10476.2548828125
MARGIN=6.5482234954834
SCALE_FACTOR=3.31084418296814
DRAWING_SIZE=10

